#!/usr/bin/env python3

start_prob = [0.65232741, 0.07348807, 0.19722721, 0.07695731]

trans_mat = [[9.97981854e-01, 1.64009914e-03, 3.78047117e-04, 0.00000000e+00],
             [0.00000000e+00, 9.85441425e-01, 1.45585749e-02, 0.00000000e+00],
             [0.00000000e+00, 0.00000000e+00, 9.93324997e-01, 6.67500259e-03],
             [1.71067849e-02, 0.00000000e+00, 0.00000000e+00, 9.82893215e-01]]

means = [[-3.98782332e+00, -1.08073498e+01, -2.29366997e+00,
          -1.55710408e+00,  2.84315377e+00, -1.05159767e+00,
          -7.14108430e+00,  6.10807628e+00, -6.55392186e+00,
           9.59998427e+00,  9.35632707e+00,  1.63776049e+01,
          -1.95821342e+01, -7.80522971e+00, -7.05411832e-01,
           1.79586241e+00,  2.05534530e+00,  2.73113281e+00,
           2.64442263e+00],
           [-4.19025126e+00, -1.51859917e+01, -2.29729257e+00,
          -2.74042859e+01,  2.27923083e+01,  4.53698964e+00,
           4.11789052e+01, -2.81891787e+01, -7.70481742e+01,
           5.08206275e+01,  2.91110474e+01,  7.81493353e+01,
          -1.15536163e+02,  2.22793834e+02,  4.56772159e+01,
           2.42562225e+00,  2.83890185e+00,  1.93567355e+00,
           3.60129389e-01],
           [8.38234049e-02, -5.10815463e+00, -1.70735614e+01,
           1.60448160e+00,  6.34403099e+00,  3.98611785e+00,
           9.22571762e+00, -1.60184884e+01,  7.08158284e+01,
          -5.44822568e+01, -1.37332246e+01, -5.11888059e+01,
           7.66939280e+01,  3.41721535e+01, -1.60841290e+02,
           2.62540769e+00,  2.70434740e+00,  4.51425455e-01,
           5.05634334e-01],
           [-1.31431503e-01, -1.15458902e+00, -1.54346229e+01,
           8.28185212e+00, -8.49052724e+00, -6.37210033e+00,
          -3.42707745e+00,  1.67920910e+01, -5.32504886e+01,
           1.03447808e+01, -6.99415924e+01, -8.37403170e+01,
           7.90062181e+01, -2.36286716e+02,  3.75697304e+02,
           2.76129536e+00,  1.05605689e+00,  8.87466200e-01,
           3.18553377e+00]]

covar = [[[2.42118682e+01,  2.32396369e+01, -4.84778814e-01,
            -3.62668708e+00,  8.20927047e-02,  9.64429024e+00,
            2.00408532e+01, -2.31998311e+01, -3.81727481e+00,
            1.18184872e+01, -1.34784498e+02, -1.25069582e+02,
            1.31227103e+02,  6.85020106e+01,  8.65409379e+01,
            2.57838209e+00,  2.55656875e+00,  8.21161499e-02,
            -2.96616604e-02],
            [2.32396369e+01,  1.72045196e+02, -1.80434580e+01,
            4.06622459e-01, -2.42565612e+01, -1.41135267e+01,
            4.96702566e+01, -1.86529033e+01,  3.44947477e+01,
            -1.21886190e+01, -1.15404423e+02, -9.65761518e+02,
            2.17721627e+02,  5.05886893e+02, -7.96420674e+01,
            9.61401485e+00,  8.11262012e+00, -4.17263509e-01,
            6.11175782e+00],
            [-4.84778814e-01, -1.80434580e+01,  3.71357605e+01,
            -9.36789296e-01,  8.36234032e+00,  2.09155984e+01,
            6.65122008e+00,  2.30255974e+00, -4.40919402e-01,
            -4.49792307e+01,  1.00750731e+02,  3.13187725e+02,
            -2.38558106e+02, -3.72413841e+02, -5.79264915e+00,
            -6.85242030e-01,  1.69667290e+00,  2.07256968e+00,
            -7.15506897e-01],
            [-3.62668708e+00,  4.06622459e-01, -9.36789296e-01,
            2.35483835e+01, -1.31780607e+01, -8.27829102e+00,
            -2.54429814e+01,  2.03554175e+01,  2.38606974e+01,
            -3.10289275e+01, -5.65133216e+00, -7.04907192e+01,
            8.43610581e+01,  8.63434006e+01, -1.75251918e+01,
            4.27924387e-01, -8.56656738e-01, -5.83892826e-01,
            1.58659981e+00],
            [8.20927047e-02, -2.42565612e+01,  8.36234032e+00,
            -1.31780607e+01,  2.97484099e+01,  1.34659754e+01,
            4.78281715e+00, -8.29945044e+00, -3.42404369e+01,
            3.19080758e+01,  1.72865589e+01,  1.65775272e+02,
            -1.02163921e+02, -2.08402705e+02, -1.08392006e+02,
            -1.47525574e+00,  6.96646943e-01,  1.24843930e+00,
            -3.96796789e+00],
            [9.64429024e+00, -1.41135267e+01,  2.09155984e+01,
            -8.27829102e+00,  1.34659754e+01,  1.85137378e+02,
            1.26762453e+02, -1.83633589e+02,  4.37315330e+00,
            -5.73240433e+01,  1.55054040e+02,  8.60191565e+02,
            -1.93830214e+02, -5.62241378e+02,  1.04616386e+03,
            -1.62801792e+00,  6.86138225e+00, -5.72176259e-02,
            -3.20152215e+00],
            [2.00408532e+01,  4.96702566e+01,  6.65122008e+00,
            -2.54429814e+01,  4.78281715e+00,  1.26762453e+02,
            8.55258311e+02, -2.76272136e+02, -7.60918934e+01,
            -9.66297767e+00, -9.97046692e+02,  8.33180699e+02,
            4.82995166e+02, -9.60105468e+02,  1.61049290e+03,
            9.38975525e+00,  1.93008923e+01, -2.89434609e+00,
            -4.92890026e+00],
            [-2.31998311e+01, -1.86529033e+01,  2.30255974e+00,
            2.03554175e+01, -8.29945044e+00, -1.83633589e+02,
            -2.76272136e+02,  4.35028189e+02, -8.44402111e+00,
            8.91381178e+01,  8.86178113e+01, -6.74048654e+02,
            3.43500077e+02,  7.22866588e+02, -1.64439956e+03,
            -3.90477828e+00, -1.35798913e+01,  2.55219390e+00,
            5.58680354e+00],
            [-3.81727481e+00,  3.44947477e+01, -4.40919402e-01,
            2.38606974e+01, -3.42404369e+01,  4.37315330e+00,
            -7.60918934e+01, -8.44402111e+00,  3.70822918e+02,
            -1.88183075e+02,  2.76271178e+02, -2.32956319e+02,
            5.43123299e+01,  7.09150618e+02, -8.59246762e+02,
            1.94603130e-01, -1.64308217e+00, -1.32878500e+00,
            8.37726089e+00],
            [1.18184872e+01, -1.21886190e+01, -4.49792307e+01,
            -3.10289275e+01,  3.19080758e+01, -5.73240433e+01,
            -9.66297767e+00,  8.91381178e+01, -1.88183075e+02,
            4.07342819e+02, -6.18638516e+02, -8.65753443e+02,
            1.09931937e+03,  6.53671966e+02,  5.00547850e+02,
            -6.54817307e-01, -3.45883938e+00, -1.89349867e+00,
            -6.20251446e+00],
            [-1.34784498e+02, -1.15404423e+02,  1.00750731e+02,
            -5.65133216e+00,  1.72865589e+01,  1.55054040e+02,
            -9.97046692e+02,  8.86178113e+01,  2.76271178e+02,
            -6.18638516e+02,  1.13642878e+04,  4.38415062e+03,
            -8.32064083e+03, -2.27291827e+03, -1.35539088e+03,
            -3.91026465e+01, -2.27577864e+01, -1.65923388e-01,
            7.23626828e+00],
            [-1.25069582e+02, -9.65761518e+02,  3.13187725e+02,
            -7.04907192e+01,  1.65775272e+02,  8.60191565e+02,
            8.33180699e+02, -6.74048654e+02, -2.32956319e+02,
            -8.65753443e+02,  4.38415062e+03,  4.26687270e+04,
            -8.96681476e+03, -6.73897468e+03,  2.17984251e+03,
            -7.81378034e+01, -2.03277330e+01,  1.12062438e+01,
            -2.42941941e+01],
            [1.31227103e+02,  2.17721627e+02, -2.38558106e+02,
            8.43610581e+01, -1.02163921e+02, -1.93830214e+02,
            4.82995166e+02,  3.43500077e+02,  5.43123299e+01,
            1.09931937e+03, -8.32064083e+03, -8.96681476e+03,
            1.87566537e+04,  8.29324439e+03,  4.83561607e+03,
            4.09012658e+01,  7.64972734e+00, -1.10899936e+00,
            1.30926654e+01],
            [6.85020106e+01,  5.05886893e+02, -3.72413841e+02,
            8.63434006e+01, -2.08402705e+02, -5.62241378e+02,
            -9.60105468e+02,  7.22866588e+02,  7.09150618e+02,
            6.53671966e+02, -2.27291827e+03, -6.73897468e+03,
            8.29324439e+03,  2.59991191e+04, -4.24025333e+03,
            2.35851732e+01, -5.38152460e+01, -9.10539852e+00,
            6.10528443e+01],
            [8.65409379e+01, -7.96420674e+01, -5.79264915e+00,
            -1.75251918e+01, -1.08392006e+02,  1.04616386e+03,
            1.61049290e+03, -1.64439956e+03, -8.59246762e+02,
            5.00547850e+02, -1.35539088e+03,  2.17984251e+03,
            4.83561607e+03, -4.24025333e+03,  3.32578689e+04,
            1.21782913e+01,  4.29392837e+01, -3.22427772e+00,
            -2.81451725e+01],
            [2.57838209e+00,  9.61401485e+00, -6.85242030e-01,
            4.27924387e-01, -1.47525574e+00, -1.62801792e+00,
            9.38975525e+00, -3.90477828e+00,  1.94603130e-01,
            -6.54817307e-01, -3.91026465e+01, -7.81378034e+01,
            4.09012658e+01,  2.35851732e+01,  1.21782913e+01,
            2.10279299e+00,  8.17163307e-01,  3.62161292e-01,
            1.68129176e-01],
            [2.55656875e+00,  8.11262012e+00,  1.69667290e+00,
            -8.56656738e-01,  6.96646943e-01,  6.86138225e+00,
            1.93008923e+01, -1.35798913e+01, -1.64308217e+00,
            -3.45883938e+00, -2.27577864e+01, -2.03277330e+01,
            7.64972734e+00, -5.38152460e+01,  4.29392837e+01,
            8.17163307e-01,  2.12533450e+00,  3.71987892e-02,
            -7.27337146e-02],
            [8.21161499e-02, -4.17263509e-01,  2.07256968e+00,
            -5.83892826e-01,  1.24843930e+00, -5.72176259e-02,
            -2.89434609e+00,  2.55219390e+00, -1.32878500e+00,
            -1.89349867e+00, -1.65923388e-01,  1.12062438e+01,
            -1.10899936e+00, -9.10539852e+00, -3.22427772e+00,
            3.62161292e-01,  3.71987892e-02,  1.23665918e+00,
            -5.12234002e-02],
            [-2.96616604e-02,  6.11175782e+00, -7.15506897e-01,
            1.58659981e+00, -3.96796789e+00, -3.20152215e+00,
            -4.92890026e+00,  5.58680354e+00,  8.37726089e+00,
            -6.20251446e+00,  7.23626828e+00, -2.42941941e+01,
            1.30926654e+01,  6.10528443e+01, -2.81451725e+01,
            1.68129176e-01, -7.27337146e-02, -5.12234002e-02,
            1.35408647e+00]],
        [[4.63416537e+01,  3.09181528e+01, -1.28782636e+01,
            -8.75540871e+00,  1.59064782e+01,  1.20620975e+01,
            -4.85892036e+01, -2.82093725e+01, -3.86133830e+01,
            1.98579778e+01, -4.30697752e+02,  3.85726808e+02,
            -6.99565052e+01,  1.61383962e+02, -4.78148068e+02,
            -1.51067727e+00,  3.05672647e+00,  6.20394325e-01,
            5.16675873e-02],
            [3.09181528e+01,  8.24272679e+01, -4.05297709e+01,
            -2.32913106e+01,  4.25503160e+01,  5.78737588e+01,
            -5.82341355e+01, -8.16543611e+01,  1.40361398e+02,
            9.20230137e+01,  5.54398239e+01, -6.46173816e+02,
            5.59812291e+02,  2.67838882e+03, -7.99754191e+02,
            -1.89946318e+00,  5.00422082e+00, -3.53149858e+00,
            2.16978595e-01],
            [-1.28782636e+01, -4.05297709e+01,  6.21826987e+01,
            2.38374912e+00, -1.35285154e+01, -4.96151761e+01,
            7.73404051e+01,  5.43582951e+01, -1.81988150e+02,
            -4.03003108e+01, -1.50031079e+02,  6.83678950e+02,
            -7.03214160e+02, -1.78201396e+03,  5.80292846e+02,
            8.52190897e-01, -1.08115358e+00,  4.94099892e+00,
            -1.25602852e-01],
            [-8.75540871e+00, -2.32913106e+01,  2.38374912e+00,
            1.12617820e+02, -6.53747448e+01, -1.90558881e+01,
            -1.11364338e+02,  1.13665579e+02,  1.40390027e+02,
            -1.50774586e+02,  6.18595786e+01, -2.86825957e+01,
            -1.17096639e+02, -4.16620398e+03,  5.98800694e+02,
            -3.10494166e+00, -1.41800386e+00,  2.83753556e+00,
            3.55500236e-01],
            [1.59064782e+01,  4.25503160e+01, -1.35285154e+01,
            -6.53747448e+01,  9.14402518e+01,  4.13616533e+01,
            3.13738424e+01, -3.35052364e+01,  6.83000539e+01,
            1.69436078e+02,  7.39212159e+00, -4.59900423e+02,
            5.55397193e+02,  2.98980959e+03, -1.26075245e+03,
            1.20318579e+00,  3.33864773e+00, -1.40811074e+00,
            -7.31512828e-02],
            [1.20620975e+01,  5.78737588e+01, -4.96151761e+01,
            -1.90558881e+01,  4.13616533e+01,  2.59897213e+02,
            -1.24478784e+02, -1.08177948e+02,  1.50974434e+02,
            2.76324307e+02,  5.67476406e+02, -1.06261773e+03,
            1.25120577e+03,  1.32799895e+03, -1.20046594e+02,
            -2.03178476e+00,  2.62240152e+00, -6.99301527e+00,
            2.21369529e-01],
            [-4.85892036e+01, -5.82341355e+01,  7.73404051e+01,
            -1.11364338e+02,  3.13738424e+01, -1.24478784e+02,
            6.57434021e+02, -1.93333900e+02, -3.61285013e+02,
            2.08712068e+02,  3.63798398e+02,  1.38929615e+03,
            -8.80957625e+02,  7.00554642e+03,  1.14179748e+03,
            1.24711784e+01, -3.39087998e+00, -1.87400829e-02,
            -5.64543096e-01],
            [-2.82093725e+01, -8.16543611e+01,  5.43582951e+01,
            1.13665579e+02, -3.35052364e+01, -1.08177948e+02,
            -1.93333900e+02,  5.47390289e+02,  2.69890241e+02,
            -3.10084619e+02, -6.87685044e+02, -4.13262391e+01,
            7.28851720e+02, -7.13565722e+03, -1.44177262e+03,
            -5.45119747e+00, -6.12317802e+00,  1.03402904e+01,
            4.10729536e-01],
            [-3.86133830e+01,  1.40361398e+02, -1.81988150e+02,
            1.40390027e+02,  6.83000539e+01,  1.50974434e+02,
            -3.61285013e+02,  2.69890241e+02,  3.36536357e+03,
            -4.41381657e+02,  1.24647413e+03, -6.85733662e+03,
            5.56114625e+03,  2.26881284e+04, -9.89768761e+03,
            -1.02527155e+00, -9.56490224e+00, -4.03319575e+01,
            1.26557299e+00],
            [1.98579778e+01,  9.20230137e+01, -4.03003108e+01,
            -1.50774586e+02,  1.69436078e+02,  2.76324307e+02,
            2.08712068e+02, -3.10084619e+02, -4.41381657e+02,
            1.20283747e+03,  8.13589372e+02, -8.70980785e+02,
            2.41044600e+03,  4.15778685e+03,  2.78511713e+03,
            3.24839317e+00,  7.15359262e+00, -4.64327966e+00,
            -7.61285862e-03],
            [-4.30697752e+02,  5.54398239e+01, -1.50031079e+02,
            6.18595786e+01,  7.39212159e+00,  5.67476406e+02,
            3.63798398e+02, -6.87685044e+02,  1.24647413e+03,
            8.13589372e+02,  2.38464753e+04, -1.97379906e+04,
            5.99473052e+03,  5.93107838e+03,  2.26217498e+04,
            1.87182770e+01, -1.54159928e+01, -3.69732603e+01,
            1.48456896e+00],
            [3.85726808e+02, -6.46173816e+02,  6.83678950e+02,
            -2.86825957e+01, -4.59900423e+02, -1.06261773e+03,
            1.38929615e+03, -4.13262391e+01, -6.85733662e+03,
            -8.70980785e+02, -1.97379906e+04,  6.63866123e+04,
            -2.82857950e+04, -4.90275777e+04,  1.10171474e+04,
            1.72423944e+01,  1.55962379e+01,  1.13398365e+02,
            -2.99572084e+00],
            [-6.99565052e+01,  5.59812291e+02, -7.03214160e+02,
            -1.17096639e+02,  5.55397193e+02,  1.25120577e+03,
            -8.80957625e+02,  7.28851720e+02,  5.56114625e+03,
            2.41044600e+03,  5.99473052e+03, -2.82857950e+04,
            4.60173629e+04,  6.45923696e+04, -1.63806707e+04,
            -2.49451836e+01, -1.21903684e+01, -9.32395891e+01,
            4.56777489e+00],
            [1.61383962e+02,  2.67838882e+03, -1.78201396e+03,
            -4.16620398e+03,  2.98980959e+03,  1.32799895e+03,
            7.00554642e+03, -7.13565722e+03,  2.26881284e+04,
            4.15778685e+03,  5.93107838e+03, -4.90275777e+04,
            6.45923696e+04,  6.70632314e+05, -1.42974338e+05,
            1.59004104e+02,  3.75387851e+01, -6.02597234e+02,
            -1.77416005e+00],
            [-4.78148068e+02, -7.99754191e+02,  5.80292846e+02,
            5.98800694e+02, -1.26075245e+03, -1.20046594e+02,
            1.14179748e+03, -1.44177262e+03, -9.89768761e+03,
            2.78511713e+03,  2.26217498e+04,  1.10171474e+04,
            -1.63806707e+04, -1.42974338e+05,  1.43927800e+05,
            8.25976348e+00, -2.21299679e+01,  9.87083997e+01,
            -7.42031029e-01],
            [-1.51067727e+00, -1.89946318e+00,  8.52190897e-01,
            -3.10494166e+00,  1.20318579e+00, -2.03178476e+00,
            1.24711784e+01, -5.45119747e+00, -1.02527155e+00,
            3.24839317e+00,  1.87182770e+01,  1.72423944e+01,
            -2.49451836e+01,  1.59004104e+02,  8.25976348e+00,
            1.65758172e+00, -2.66012266e-01, -2.09155779e-01,
            -3.88991290e-02],
            [3.05672647e+00,  5.00422082e+00, -1.08115358e+00,
            -1.41800386e+00,  3.33864773e+00,  2.62240152e+00,
            -3.39087998e+00, -6.12317802e+00, -9.56490224e+00,
            7.15359262e+00, -1.54159928e+01,  1.55962379e+01,
            -1.21903684e+01,  3.75387851e+01, -2.21299679e+01,
            -2.66012266e-01,  1.12298691e+00,  2.10980418e-01,
            8.20996067e-03],
            [6.20394325e-01, -3.53149858e+00,  4.94099892e+00,
            2.83753556e+00, -1.40811074e+00, -6.99301527e+00,
            -1.87400829e-02,  1.03402904e+01, -4.03319575e+01,
            -4.64327966e+00, -3.69732603e+01,  1.13398365e+02,
            -9.32395891e+01, -6.02597234e+02,  9.87083997e+01,
            -2.09155779e-01,  2.10980418e-01,  1.50685755e+00,
            1.81210360e-03],
            [5.16675873e-02,  2.16978595e-01, -1.25602852e-01,
            3.55500236e-01, -7.31512828e-02,  2.21369529e-01,
            -5.64543096e-01,  4.10729536e-01,  1.26557299e+00,
            -7.61285862e-03,  1.48456896e+00, -2.99572084e+00,
            4.56777489e+00, -1.77416005e+00, -7.42031029e-01,
            -3.88991290e-02,  8.20996067e-03,  1.81210360e-03,
            1.10210043e-02]],
        [[3.30613910e+01,  8.94950996e+00, -4.25632574e+01,
            2.15283745e+01, -2.96531939e+01, -1.09936141e+01,
            -3.01088021e+01,  2.67648933e+01, -6.47156506e+01,
            -3.39189761e+01, -9.38737191e+01,  1.41394017e+02,
            2.04992148e+02, -3.84469588e+02,  3.14293884e+02,
            -3.63012334e-01,  2.30561002e+00, -2.72332635e-01,
            1.24826388e-01],
            [8.94950996e+00,  4.48437276e+01, -1.70959156e+01,
            3.21766972e+01,  1.23020232e+01,  9.89419212e+00,
            4.52692201e+01, -5.09697040e+01,  1.94272460e+02,
            -1.63173141e+02,  4.96347791e+01, -2.05903882e+02,
            2.46798971e+02, -8.39583481e+02, -1.11723903e+02,
            3.33507531e+00,  1.30268178e+00,  3.02030627e-01,
            3.63410029e-01],
            [-4.25632574e+01, -1.70959156e+01,  1.19351371e+02,
            -6.46887817e+01,  6.53968566e+01,  8.49083323e+00,
            6.90703148e+01, -5.74250754e+01,  1.62016308e+02,
            1.21574209e+02,  9.31755970e+01, -3.57184386e+02,
            -6.43687632e+02,  2.29700522e+03, -1.16229396e+03,
            -2.21999914e-01, -3.16198671e+00,  1.62083889e+00,
            -9.55721577e-02],
            [2.15283745e+01,  3.21766972e+01, -6.46887817e+01,
            2.57429503e+02, -1.88499884e+02,  1.30644757e+00,
            -1.41386549e+02,  1.11004202e+02, -1.60925368e+02,
            -4.31164428e+02,  3.11387813e+02,  4.32535250e+02,
            6.31088074e+02, -1.02227680e+04,  4.48589982e+03,
            1.46749442e+00, -1.31724851e-01, -1.91011254e+00,
            2.38364069e+00],
            [-2.96531939e+01,  1.23020232e+01,  6.53968566e+01,
            -1.88499884e+02,  2.72362365e+02,  4.96335588e+01,
            1.88171549e+02, -2.72649969e+02,  7.42685439e+02,
            3.79572460e+01, -2.38100804e+02, -8.87256366e+02,
            -3.29360477e+02,  7.27087899e+03, -5.64404135e+03,
            3.90436773e+00,  1.54297052e+00,  1.93865602e+00,
            -2.60725565e+00],
            [-1.09936141e+01,  9.89419212e+00,  8.49083323e+00,
            1.30644757e+00,  4.96335588e+01,  1.46592922e+02,
            1.24395051e+00, -1.51624716e+02,  3.00764615e+01,
            3.83478812e+01,  1.01958558e+02,  2.05609411e+01,
            1.79616208e+02, -9.69862411e+02, -2.73763969e+02,
            2.14228126e+00,  4.16024315e-01, -3.94853848e-01,
            -1.32499368e-01],
            [-3.01088021e+01,  4.52692201e+01,  6.90703148e+01,
            -1.41386549e+02,  1.88171549e+02,  1.24395051e+00,
            5.49284436e+02, -3.33681614e+02,  8.73360579e+02,
            7.35702904e+01, -7.06986169e+01, -7.91928269e+02,
            -2.62449886e+02,  9.91696925e+03, -5.06821541e+03,
            8.73332005e+00,  2.86805666e-01,  3.50275872e+00,
            -6.30252900e-01],
            [2.67648933e+01, -5.09697040e+01, -5.74250754e+01,
            1.11004202e+02, -2.72649969e+02, -1.51624716e+02,
            -3.33681614e+02,  8.96264063e+02, -1.27940877e+03,
            1.46424727e+02, -5.20891179e+02,  1.43857666e+03,
            5.94164369e+02, -7.49130391e+03,  6.34336753e+03,
            -5.63138171e+00, -8.38460367e+00, -2.19455293e+00,
            2.99054219e+00],
            [-6.47156506e+01,  1.94272460e+02,  1.62016308e+02,
            -1.60925368e+02,  7.42685439e+02,  3.00764615e+01,
            8.73360579e+02, -1.27940877e+03,  6.91098330e+03,
            -2.23295089e+03,  9.48555258e+02, -6.44302275e+03,
            1.41187806e+03,  1.42947175e+04, -2.22594546e+04,
            2.38268896e+01,  1.63236610e+01,  8.58589740e+00,
            -8.31813083e+00],
            [-3.39189761e+01, -1.63173141e+02,  1.21574209e+02,
            -4.31164428e+02,  3.79572460e+01,  3.83478812e+01,
            7.35702904e+01,  1.46424727e+02, -2.23295089e+03,
            2.54739475e+03, -6.67860240e+02,  1.32122892e+03,
            -2.54597204e+03,  1.92652896e+04, -1.30352359e+03,
            -1.53971113e+01, -7.98488013e+00,  1.28918635e+00,
            -3.14100535e-01],
            [-9.38737191e+01,  4.96347791e+01,  9.31755970e+01,
            3.11387813e+02, -2.38100804e+02,  1.01958558e+02,
            -7.06986169e+01, -5.20891179e+02,  9.48555258e+02,
            -6.67860240e+02,  9.99013800e+03, -2.14894409e+03,
            -1.85166043e+03, -1.75452040e+04,  8.97755406e+03,
            2.50488034e+00, -7.15313249e+00, -9.93963296e-01,
            6.16687495e-01],
            [1.41394017e+02, -2.05903882e+02, -3.57184386e+02,
            4.32535250e+02, -8.87256366e+02,  2.05609411e+01,
            -7.91928269e+02,  1.43857666e+03, -6.44302275e+03,
            1.32122892e+03, -2.14894409e+03,  2.39111571e+04,
            -6.61067816e+02, -1.60898899e+04,  2.72181466e+04,
            -2.06098850e+01, -9.87837730e+00, -1.33463077e+01,
            8.57470722e+00],
            [2.04992148e+02,  2.46798971e+02, -6.43687632e+02,
            6.31088074e+02, -3.29360477e+02,  1.79616208e+02,
            -2.62449886e+02,  5.94164369e+02,  1.41187806e+03,
            -2.54597204e+03, -1.85166043e+03, -6.61067816e+02,
            2.28415768e+04, -2.77988544e+04,  5.65719463e+03,
            2.59498910e+01,  5.79050925e+00, -1.32780095e+01,
            4.17849406e+00],
            [-3.84469588e+02, -8.39583481e+02,  2.29700522e+03,
            -1.02227680e+04,  7.27087899e+03, -9.69862411e+02,
            9.91696925e+03, -7.49130391e+03,  1.42947175e+04,
            1.92652896e+04, -1.75452040e+04, -1.60898899e+04,
            -2.77988544e+04,  6.16997935e+05, -2.33797593e+05,
            -4.65551545e+01,  1.28059657e+02,  1.04161411e+02,
            -1.05377464e+02],
            [3.14293884e+02, -1.11723903e+02, -1.16229396e+03,
            4.48589982e+03, -5.64404135e+03, -2.73763969e+02,
            -5.06821541e+03,  6.34336753e+03, -2.22594546e+04,
            -1.30352359e+03,  8.97755406e+03,  2.72181466e+04,
            5.65719463e+03, -2.33797593e+05,  1.92521793e+05,
            -3.83666106e+01, -1.14418571e+02, -5.77262635e+01,
            7.51069600e+01],
            [-3.63012334e-01,  3.33507531e+00, -2.21999914e-01,
            1.46749442e+00,  3.90436773e+00,  2.14228126e+00,
            8.73332005e+00, -5.63138171e+00,  2.38268896e+01,
            -1.53971113e+01,  2.50488034e+00, -2.06098850e+01,
            2.59498910e+01, -4.65551545e+01, -3.83666106e+01,
            1.47953002e+00, -1.11071293e-01,  4.38176018e-02,
            1.31587120e-02],
            [2.30561002e+00,  1.30268178e+00, -3.16198671e+00,
            -1.31724851e-01,  1.54297052e+00,  4.16024315e-01,
            2.86805666e-01, -8.38460367e+00,  1.63236610e+01,
            -7.98488013e+00, -7.15313249e+00, -9.87837730e+00,
            5.79050925e+00,  1.28059657e+02, -1.14418571e+02,
            -1.11071293e-01,  1.28098415e+00,  9.48022163e-03,
            -6.72830162e-02],
            [-2.72332635e-01,  3.02030627e-01,  1.62083889e+00,
            -1.91011254e+00,  1.93865602e+00, -3.94853848e-01,
            3.50275872e+00, -2.19455293e+00,  8.58589740e+00,
            1.28918635e+00, -9.93963296e-01, -1.33463077e+01,
            -1.32780095e+01,  1.04161411e+02, -5.77262635e+01,
            4.38176018e-02,  9.48022163e-03,  2.19810884e-01,
            -3.24779427e-03],
            [1.24826388e-01,  3.63410029e-01, -9.55721577e-02,
            2.38364069e+00, -2.60725565e+00, -1.32499368e-01,
            -6.30252900e-01,  2.99054219e+00, -8.31813083e+00,
            -3.14100535e-01,  6.16687495e-01,  8.57470722e+00,
            4.17849406e+00, -1.05377464e+02,  7.51069600e+01,
            1.31587120e-02, -6.72830162e-02, -3.24779427e-03,
            2.30144738e-01]],
        [[1.89620312e+01,  8.56681206e+00, -1.19745377e+01,
            7.50479570e+00, -1.39926026e+01,  1.90492293e+01,
            4.14184731e+01, -3.76645838e+01, -6.02820367e+01,
            -1.01213524e+01, -8.97149303e+01,  8.78301195e+01,
            -1.42837379e+01, -8.70174012e+02,  6.66858773e+02,
            1.08568639e+00,  4.24135689e-01, -3.14969471e-01,
            2.70483837e-01],
            [8.56681206e+00,  4.23925294e+01, -2.33373580e+01,
            2.31659397e+01, -1.76983912e+01,  1.56988965e+01,
            6.41461184e+01, -3.68771753e+01, -7.17920586e+01,
            -3.74330906e+01, -1.48508622e+02, -2.89474448e+02,
            1.60772141e+02, -1.22371463e+03,  1.10951425e+03,
            3.02522559e+00, -4.99179674e-01, -1.56251314e+00,
            6.55532297e-01],
            [-1.19745377e+01, -2.33373580e+01,  5.53377301e+01,
            -2.48614959e+01,  3.17012107e+01, -9.42840429e+00,
            -8.25225816e+01,  3.87781219e+01,  1.04334313e+02,
            9.18571308e+00,  2.04001029e+02, -1.10191853e+01,
            -1.95878603e+02,  9.95581708e+02, -1.06196363e+03,
            -2.84279210e+00,  6.87056278e-01,  1.51495647e+00,
            -5.74682473e-01],
            [7.50479570e+00,  2.31659397e+01, -2.48614959e+01,
            1.29979665e+02, -1.75641338e+01,  5.46767868e+01,
            1.24826909e+01, -5.38960382e+01,  1.09713345e+00,
            -2.90176260e+02,  1.91976963e+01, -2.64970195e+01,
            2.52738560e+02, -6.63069554e+03,  2.71401705e+03,
            2.42131142e+00,  9.51430911e-01, -3.23335133e+00,
            2.17346381e-01],
            [-1.39926026e+01, -1.76983912e+01,  3.17012107e+01,
            -1.75641338e+01,  4.88846180e+01, -3.76630876e+01,
            -9.74644806e+01,  6.43057795e+01,  1.00737717e+02,
            6.01634685e+01, -1.16065092e+02, -2.52440491e+02,
            3.46350495e+02,  1.73403644e+03, -1.28319526e+03,
            -1.90046455e+00,  1.27100277e+00,  3.15509425e+00,
            -5.65438567e-01],
            [1.90492293e+01,  1.56988965e+01, -9.42840429e+00,
            5.46767868e+01, -3.76630876e+01,  2.94166485e+02,
            2.90768199e+02, -3.27266030e+02,  3.18585487e+01,
            -4.49580226e+02,  1.03030858e+03,  1.66390160e+03,
            -1.20440355e+03, -7.14181022e+03,  3.56419403e+03,
            5.79574620e+00,  4.76115631e+00, -5.53117623e+00,
            -8.66243093e-01],
            [4.14184731e+01,  6.41461184e+01, -8.25225816e+01,
            1.24826909e+01, -9.74644806e+01,  2.90768199e+02,
            8.64135255e+02, -4.60748492e+02,  2.29869197e+02,
            -6.88552427e+02,  1.18651049e+03,  3.49843952e+03,
            -2.67575760e+03, -7.50838965e+03,  3.73656591e+03,
            1.03930681e+01,  1.01492264e+01, -1.02638124e+01,
            -1.09796785e+00],
            [-3.76645838e+01, -3.68771753e+01,  3.87781219e+01,
            -5.38960382e+01,  6.43057795e+01, -3.27266030e+02,
            -4.60748492e+02,  5.51669399e+02,  9.68300558e+00,
            4.68982859e+02, -8.19176098e+02, -1.66228839e+03,
            1.54533464e+03,  7.58452669e+03, -4.73209875e+03,
            -7.35350790e+00, -7.77696948e+00,  7.07458668e+00,
            5.18165070e-01],
            [-6.02820367e+01, -7.17920586e+01,  1.04334313e+02,
            1.09713345e+00,  1.00737717e+02,  3.18585487e+01,
            2.29869197e+02,  9.68300558e+00,  3.16929903e+03,
            -1.69145054e+03,  2.75217436e+03,  2.81775226e+03,
            -1.57969212e+03, -4.23958702e+03, -7.58797197e+03,
            -9.59648143e+00,  2.22650587e+01, -4.08825955e+00,
            -6.62227406e+00],
            [-1.01213524e+01, -3.74330906e+01,  9.18571308e+00,
            -2.90176260e+02,  6.01634685e+01, -4.49580226e+02,
            -6.88552427e+02,  4.68982859e+02, -1.69145054e+03,
            2.83748997e+03, -4.34119857e+03, -5.15930804e+03,
            4.92078300e+03,  2.89596643e+04, -5.73235138e+03,
            -9.53610390e+00, -2.77171953e+01,  2.05602393e+01,
            3.95191248e+00],
            [-8.97149303e+01, -1.48508622e+02,  2.04001029e+02,
            1.91976963e+01, -1.16065092e+02,  1.03030858e+03,
            1.18651049e+03, -8.19176098e+02,  2.75217436e+03,
            -4.34119857e+03,  2.50706294e+04,  1.84459338e+04,
            -2.47332234e+04, -3.62957328e+04,  1.69246228e+03,
            -1.35270971e+01,  3.52717872e+01, -3.50888053e+01,
            -5.53757499e+00],
            [8.78301195e+01, -2.89474448e+02, -1.10191853e+01,
            -2.64970195e+01, -2.52440491e+02,  1.66390160e+03,
            3.49843952e+03, -1.66228839e+03,  2.81775226e+03,
            -5.15930804e+03,  1.84459338e+04,  4.74728045e+04,
            -2.62265690e+04, -4.65339221e+04, -2.70286758e+02,
            -4.74293166e+00,  8.97135476e+01, -5.80992592e+01,
            -8.00040272e+00],
            [-1.42837379e+01,  1.60772141e+02, -1.95878603e+02,
            2.52738560e+02,  3.46350495e+02, -1.20440355e+03,
            -2.67575760e+03,  1.54533464e+03, -1.57969212e+03,
            4.92078300e+03, -2.47332234e+04, -2.62265690e+04,
            5.44190678e+04,  4.80081679e+04, -1.16087537e+04,
            -2.98738869e+00, -5.36795625e+01,  4.76941045e+01,
            3.86290753e+00],
            [-8.70174012e+02, -1.22371463e+03,  9.95581708e+02,
            -6.63069554e+03,  1.73403644e+03, -7.14181022e+03,
            -7.50838965e+03,  7.58452669e+03, -4.23958702e+03,
            2.89596643e+04, -3.62957328e+04, -4.65339221e+04,
            4.80081679e+04,  6.22674739e+05, -2.26159421e+05,
            -2.12908091e+02, -1.89661885e+02,  2.41317679e+02,
            2.37709072e+00],
            [6.66858773e+02,  1.10951425e+03, -1.06196363e+03,
            2.71401705e+03, -1.28319526e+03,  3.56419403e+03,
            3.73656591e+03, -4.73209875e+03, -7.58797197e+03,
            -5.73235138e+03,  1.69246228e+03, -2.70286758e+02,
            -1.16087537e+04, -2.26159421e+05,  2.08778294e+05,
            1.84013904e+02,  5.34482418e+00, -7.87043404e+01,
            1.66006119e+01],
            [1.08568639e+00,  3.02522559e+00, -2.84279210e+00,
            2.42131142e+00, -1.90046455e+00,  5.79574620e+00,
            1.03930681e+01, -7.35350790e+00, -9.59648143e+00,
            -9.53610390e+00, -1.35270971e+01, -4.74293166e+00,
            -2.98738869e+00, -2.12908091e+02,  1.84013904e+02,
            1.09579247e+00, -3.08386153e-03, -9.81375665e-02,
            2.23633424e-02],
            [4.24135689e-01, -4.99179674e-01,  6.87056278e-01,
            9.51430911e-01,  1.27100277e+00,  4.76115631e+00,
            1.01492264e+01, -7.77696948e+00,  2.22650587e+01,
            -2.77171953e+01,  3.52717872e+01,  8.97135476e+01,
            -5.36795625e+01, -1.89661885e+02,  5.34482418e+00,
            -3.08386153e-03,  1.41569282e+00, -1.47565746e-01,
            -3.81249240e-02],
            [-3.14969471e-01, -1.56251314e+00,  1.51495647e+00,
            -3.23335133e+00,  3.15509425e+00, -5.53117623e+00,
            -1.02638124e+01,  7.07458668e+00, -4.08825955e+00,
            2.05602393e+01, -3.50888053e+01, -5.80992592e+01,
            4.76941045e+01,  2.41317679e+02, -7.87043404e+01,
            -9.81375665e-02, -1.47565746e-01,  9.73641091e-01,
            -1.36729736e-01],
            [2.70483837e-01,  6.55532297e-01, -5.74682473e-01,
            2.17346381e-01, -5.65438567e-01, -8.66243093e-01,
            -1.09796785e+00,  5.18165070e-01, -6.62227406e+00,
            3.95191248e+00, -5.53757499e+00, -8.00040272e+00,
            3.86290753e+00,  2.37709072e+00,  1.66006119e+01,
            2.23633424e-02, -3.81249240e-02, -1.36729736e-01,
            2.13606461e-01]]]